(1061, 659),
(1061, 659),
(1038, 666),
(1037, 666),
(1012, 669),
(1012, 669),
(988, 666),
(988, 666),
(971, 660),
(971, 660),
(955, 644),
(955, 644),
(933, 633),
(933, 633),
(886, 623),
(886, 623),
(850, 613),
(850, 613),
(832, 607),
(832, 607),
(814, 597),
(814, 597),
(792, 601),
(792, 601),
(778, 606),
(778, 606),
(749, 627),
(749, 627),
(709, 644),
(709, 644),
(668, 655),
(668, 655),
(627, 667),
(627, 667),
(602, 685),
(602, 685),
(1124, 607),
(1124, 607),
(-125, 762),
(-125, 762),
(797, 594),
(797, 594),
(-604, 916),
(-604, 916),
(-1440, 959),
(-1440, 959),
(-140, 764),
(-140, 764),
